3
10 5 0 30
0  7 3 54
5 0 2 20 
6
10.0 0.0 0.0 0.0 0.0 0.0 -37.66667
0.0 9.0 0.0 0.0 0.0 0.0 0.0
0.0 0.0 9.0 3.0 0.0 0.0 107.625
0.0 0.0 3.0 11.0 2.5 0.0 167.575
0.0 0.0 0.0 2.5 9.0 2.0  53.3
0.0 0.0 0.0 0.0 2.0 8.0  -5.025

11
      91.125   -15.187    11.812   -34.667   -51.062      .000      .000
        .000      .000      .000      .000  -685.447
    -151.875    81.000   -27.000    16.875   175.500   -65.812    60.750
     -65.813    30.375  -106.312   -10.125   742.759
     118.125   -27.000    23.250   -17.500   -86.500    25.875   -27.000
      25.875   -13.500    43.875     4.500  -643.870
    -346.667    16.875   -17.500   472.708    39.844   167.656  -266.250
     167.656  -133.125   345.156    44.375  2280.655
    -510.625   175.500   -86.500    39.844   567.573  -174.240   201.188
    -174.240   100.594  -308.365   -33.531  2751.776
        .000   -65.812    25.875   167.656  -174.240   174.240  -201.188
     174.240  -100.594   308.365    33.531  1345.665
        .000     6.075    -2.700   -26.625    20.119   -20.119    43.950
     -20.119    15.975   -41.419    -5.325  -199.825
        .000   -65.812    25.875   167.656  -174.240   174.240  -201.188
     209.005  -135.557   308.364    21.877   971.568
        .000    30.375   -13.500  -133.125   100.594  -100.594   159.750
    -135.557   237.764  -247.094   -28.995  -791.663
        .000  -106.312    43.875   345.156  -308.365   308.365  -414.188
     308.364  -247.094   620.045    82.365  2669.954
        .000   -10.125     4.500    44.375   -33.531    33.531   -53.250
      21.877   -28.995    82.365    36.418   588.028

  4
 0.0 6.0 3.0 -3.0 -20.0 4.0 5.0 -16.0 33.0 2.0 0.0 -12.0 11.0
 6.0 -14.0 2.0 4.0 -5.0 -3.0 21.0


 P A S T A B O S:

  1. Lygtys sutvarkomos iki pavidalo "... ... ... =0"
  2. I-je eiluteje nurodomas lygciu (nezinomuju) skaicius
  3. II-je ir tolimesnese eilutese ivedami I-os lygties koefi-
     cientai prie X1, prie X2 ir t.t. (rasant ir "0.") uzbaigiant
     laisvuoju nariu, po to tas pats II-os lygties ir t.t.
